header:
    particle_object: 'MULTIPLE'
    particle_type: 'MULTIPLE'
data:
  - _index: 1
    particle_object: NutnrBDclFullRecoveredMetadataDataParticle
    particle_type: nutnr_b_dcl_full_metadata_recovered
    internal_timestamp: 3068896640.025000
    dcl_controller_timestamp: '1997/04/01 07:09:35.597'
    serial_number: '0260'
    startup_time: 859907847
    spec_on_time: 859907854
    spec_powered_time: 859907856
    lamp_on_time: 859907858
    lamp_powered_time: 859907861
    data_log_file: 'DATA/LOG_19990401.LOG'
  - _index: 2
    particle_object: NutnrBDclDarkFullRecoveredInstrumentDataParticle
    particle_type: nutnr_b_dcl_dark_full_instrument_recovered
    internal_timestamp: 3068867375.597000
    dcl_controller_timestamp: '1997/04/01 07:09:35.597'
    frame_header: 'SAT'
    frame_type: 'NDF'
    serial_number: '0260'
    date_of_sample: 1997178
    time_of_sample:         14.78026
    nitrate_concentration:          0.00000
    aux_fitting_1:          0.00000
    aux_fitting_2:          0.00000
    aux_fitting_3:          0.00000
    rms_error:          0.00000
    temp_interior:         23.12000
    temp_spectrometer:         23.69000
    temp_lamp:         16.93000
    lamp_time:     165422.00000
    humidity:          8.10000
    voltage_lamp:         12.02000
    voltage_analog:          4.97000
    voltage_main:         15.03000
    ref_channel_average:        240.67000
    ref_channel_variance:          2.22000
    sea_water_dark:        982.20000
    spec_channel_average:        977.88000
    dark_frame_spectral_channels: [  986, 973, 980, 973, 999, 986, 978, 963, 964, 982, 993, 965, 985, 979, 967, 977, 985, 967, 982, 972, 970, 973, 978, 985, 992, 977, 983, 977, 962, 951, 963, 968, 972, 977, 985, 976, 973, 967, 964, 977, 963, 978, 986, 973, 983, 987, 971, 983, 967, 967, 978, 969, 965, 982, 969, 973, 984, 973, 962, 978, 955, 966, 981, 957, 961, 982, 979, 980, 983, 977, 998, 984, 976, 961, 962, 965, 991, 979, 972, 976, 976, 977, 980, 974, 969, 968, 969, 978, 971, 967, 966, 974, 964, 958, 971, 963, 967, 980, 975, 978, 983, 967, 980, 971, 967, 978, 975, 978, 977, 972, 978, 977, 965, 972, 987, 977, 969, 989, 978, 977, 983, 989, 973, 990, 974, 972, 970, 973, 969, 980, 968, 985, 986, 981, 981, 982, 979, 980, 971, 980, 977, 969, 958, 968, 976, 967, 978, 982, 971, 984, 983, 978, 996, 987, 977, 993, 973, 989, 981, 973, 984, 987, 978, 983, 988, 986, 987, 987, 991, 988, 979, 981, 981, 981, 982, 983, 977, 983, 988, 983, 977, 984, 981, 970, 989, 962, 986, 986, 975, 990, 977, 971, 974, 991, 979, 969, 971, 971, 979, 967, 971, 980, 973, 979, 989, 973, 983, 989, 969, 966, 985, 978, 972, 983, 983, 985, 981, 970, 977, 993, 972, 990, 980, 986, 997, 1006, 990, 1002, 982, 989, 985, 985, 965, 967, 973, 973, 995, 979, 983, 1002, 987, 979, 981, 962, 974, 987, 995, 986, 996, 986, 992, 991, 981, 992, 995, 995 ]
