header:
    particle_object: FdchpADataParticle
    particle_type: fdchp_a_instrument_recovered
data:
  - _index: 1
    internal_timestamp: 3628008600.058
    year: 2014
    month: 12
    day: 19
    hour: 20
    minute: 10
    second: 0
    millisecond: 58
    fdchp_wind_x: 166
    fdchp_wind_y: 191
    fdchp_wind_z: -77
    fdchp_speed_of_sound_sonic: 33730
    fdchp_x_ang_rate: 0.00363489
    fdchp_y_ang_rate: -0.00053609
    fdchp_z_ang_rate: 0.0019078
    fdchp_x_accel_g: 0.0480265
    fdchp_y_accel_g: -0.030993847
    fdchp_z_accel_g: -0.998862206
    fdchp_roll: 0.0431497693
    fdchp_pitch: 0.0315748117
    fdchp_heading: -1.803897380
    fdchp_status_1: 0
    fdchp_status_2: 0
  - _index: 2
    internal_timestamp: 3628008600.158
    year: 2014
    month: 12
    day: 19
    hour: 20
    minute: 10
    second: 0
    millisecond: 158
    fdchp_wind_x: 139
    fdchp_wind_y: 207
    fdchp_wind_z: -126
    fdchp_speed_of_sound_sonic: 33735
    fdchp_x_ang_rate: 0.00688958
    fdchp_y_ang_rate: -0.0105706239
    fdchp_z_ang_rate: 0.00161630
    fdchp_x_accel_g: 0.048232011
    fdchp_y_accel_g: -0.032856453
    fdchp_z_accel_g: -0.999408304
    fdchp_roll:  0.04314456
    fdchp_pitch: 0.031598459
    fdchp_heading: -1.80371594
    fdchp_status_1: 0
    fdchp_status_2: 0
  - _index: 3
    internal_timestamp: 3628008600.258
    year: 2014
    month: 12
    day: 19
    hour: 20
    minute: 10
    second: 0
    millisecond: 258
    fdchp_wind_x: 125
    fdchp_wind_y: 154
    fdchp_wind_z: -127
    fdchp_speed_of_sound_sonic: 33733
    fdchp_x_ang_rate: 0.006186683
    fdchp_y_ang_rate: -0.003767073
    fdchp_z_ang_rate: 0.001990124
    fdchp_x_accel_g: 0.0464804582
    fdchp_y_accel_g: -0.033379081
    fdchp_z_accel_g: -1.000367164
    fdchp_roll: 0.043169986
    fdchp_pitch: 0.031570058
    fdchp_heading: -1.80358386
    fdchp_status_1: 0
    fdchp_status_2: 0
  - _index: 4
    internal_timestamp: 3628008600.358
    year: 2014
    month: 12
    day: 19
    hour: 20
    minute: 10
    second: 0
    millisecond: 358
    fdchp_wind_x: 115
    fdchp_wind_y: 119
    fdchp_wind_z: -148
    fdchp_speed_of_sound_sonic: 33739
    fdchp_x_ang_rate: 0.0024341566
    fdchp_y_ang_rate: -0.0107737965
    fdchp_z_ang_rate: 0.002103932
    fdchp_x_accel_g: 0.0474535413
    fdchp_y_accel_g: -0.03205856680
    fdchp_z_accel_g: -0.9999784827
    fdchp_roll: 0.0431274995
    fdchp_pitch: 0.031647909
    fdchp_heading: -1.803592324
    fdchp_status_1: 0
    fdchp_status_2: 0
  - _index: 5
    internal_timestamp: 3628008600.458
    year: 2014
    month: 12
    day: 19
    hour: 20
    minute: 10
    second: 0
    millisecond: 458
    fdchp_wind_x: 90
    fdchp_wind_y: 104
    fdchp_wind_z: -182
    fdchp_speed_of_sound_sonic: 33736
    fdchp_x_ang_rate: 0.0010883122
    fdchp_y_ang_rate: -0.0066145868
    fdchp_z_ang_rate: -0.000604674
    fdchp_x_accel_g: 0.047215618
    fdchp_y_accel_g: -0.032946344
    fdchp_z_accel_g: -0.998873293
    fdchp_roll: 0.0430020540
    fdchp_pitch: 0.03136949613
    fdchp_heading: -1.80424392223
    fdchp_status_1: 0
    fdchp_status_2: 0
