# Expected Results

header:
  particle_object: "MULTIPLE"
  particle_type: "MULTIPLE"

data:
  - _index: 1
    particle_object: PhsenAbcdefDclInstrumentRecoveredDataParticle
    particle_type: phsen_abcdef_dcl_instrument_recovered    
    internal_timestamp: 3607286596.906000137
    dcl_controller_timestamp: '2014/04/24 00:03:16.906'
    unique_id: 238
    record_type: 10
    record_time: 3481142489
    thermistor_start: 2067
    reference_light_measurements: [2588, 5, 2121, 4, 2588, 3, 2117, 3, 2589, 4, 2124, 7, 2590, 2, 2123, 5]
    light_measurements: [2590, 4, 2123, 4, 2592, 1, 2129, 3, 2587, 3, 2122, 5, 2589, 2, 2121, 3, 2587, 4, 2120, 4, 2590, 3, 2125, 4, 2586, 5, 2118, 7, 2592, 2, 2125, 2, 2587, 4, 2122, 4, 2587, 4, 2120, 3, 2589, 3, 2121, 5, 2590, 2, 2121, 4, 2590, 1, 2123, 5, 2587, 2, 2121, 4, 2586, 4, 2119, 5, 2591, 0, 2121, 4, 2590, 1, 2121, 3, 2587, 2, 2122, 4, 2588, 3, 2120, 5, 2585, 5, 2123, 6, 2589, 3, 2122, 5, 2588, 3, 2119, 3, 2587, 3, 2121, 2]
    voltage_battery: 3136
    thermistor_end: 2067
    passed_checksum: 0
  - _index: 2
    particle_object: PhsenAbcdefDclMetadataRecoveredDataParticle
    particle_type: phsen_abcdef_dcl_metadata_recovered
    internal_timestamp: 3593134381.970999718
    dcl_controller_timestamp: '2013/11/11 04:53:01.971'
    unique_id: 182
    record_type: 133
    record_time: 3466990381
    clock_active: 1
    recording_active: 0
    record_end_on_time: 0
    record_memory_full: 0
    record_end_on_error: 0
    data_download_ok: 0
    flash_memory_open: 1
    battery_low_prestart: 0
    battery_low_measurement: 0
    battery_low_blank: 0
    battery_low_external: 0
    external_device1_fault: 0
    external_device2_fault: 0
    external_device3_fault: 0
    flash_erased: 0
    power_on_invalid: 0
    num_data_records: 11
    num_error_records: 0
    num_bytes_stored: 2609
    voltage_battery: !!null
    passed_checksum: 0
    